6.320419921815394915e+00
5.833528283536434600e+00
5.240599141001701433e+00
4.733985896095633805e+00
4.400381997890770336e+00
4.204317164935171824e+00
3.999431904487311673e+00
4.004669466607272632e+00
3.863495786964893153e+00
3.871181738562881947e+00
3.824112582646310265e+00
3.853413202710449514e+00
3.726791061051189846e+00
3.791344039503484975e+00
3.647953316986560779e+00
3.873672298051416885e+00
3.740611533720046289e+00
3.725904148731380872e+00
3.739157471617683637e+00
3.492121836800128332e+00
3.723557855892926316e+00
3.670692105143330775e+00
3.675663565017282863e+00
3.552929294541478100e+00
3.699390299580991304e+00
3.772987103361636230e+00
3.616393385385163306e+00
3.521237498458474668e+00
3.539042654119431752e+00
3.537932105608284417e+00
3.642517836054786962e+00
3.553691804256290165e+00
3.614837220001965612e+00
3.519133332878351172e+00
3.530179692003875935e+00
3.471708429742604629e+00
3.355765955638140507e+00
3.462370334034785557e+00
3.455693131465464862e+00
3.475380962304770893e+00
3.469029071841388756e+00
3.363371349953114819e+00
3.364595247514545751e+00
3.455336106641218041e+00
3.369540329637937148e+00
3.428250230014324273e+00
3.185814363503828517e+00
3.347566276773810579e+00
3.334319802831858581e+00
3.484394074853509604e+00
